# WORST BYTE RATIO DEVIATIONS ANALYSIS
# Generated: 2026-02-15
# Shows sections with lowest ratios for each layer, sorted by deviation from minimum target


================================================================================
LAYER: COMMENTARY
Minimum Target: 0.7x
Total sections below target: 20
================================================================================

Rank   Section ID      Tibetan    Layer      Ratio    Deviation 
------ --------------- ---------- ---------- -------- ----------
1      02-18-01-01     33,627     1,345      0.04     0.66      
2      01-06-02-01     98,995     4,949      0.05     0.65      
3      01-04-01-01     66,878     4,012      0.06     0.64      
4      02-18-04-01     17,879     1,072      0.06     0.64      
5      01-09-01-01     134,445    9,411      0.07     0.63      
6      01-06-04-01     62,076     4,966      0.08     0.62      
7      01-06-12-01     64,765     5,828      0.09     0.61      
8      02-18-07-01     21,971     1,977      0.09     0.61      
9      02-23-08-03     7,557      680        0.09     0.61      
10     01-05-04-01     162,351    16,235     0.10     0.60      
11     01-08-07-01     53,220     5,854      0.11     0.59      
12     01-05-02-01     41,389     5,380      0.13     0.57      
13     01-02-01-05     71,940     10,071     0.14     0.56      
14     02-17-11-01     24,300     3,402      0.14     0.56      
15     01-04-02-01     31,251     4,687      0.15     0.55      
16     01-14-05-01     73,278     10,991     0.15     0.55      
17     01-05-04-06     38,110     6,097      0.16     0.54      
18     01-06-01-01     31,802     5,088      0.16     0.54      
19     01-12-04-01     33,201     5,312      0.16     0.54      
20     02-23-04-01     52,713     8,434      0.16     0.54      

================================================================================
LAYER: SCHOLAR
Minimum Target: 1.0x
Total sections below target: 20
================================================================================

Rank   Section ID      Tibetan    Layer      Ratio    Deviation 
------ --------------- ---------- ---------- -------- ----------
1      02-19-00-01     42,944     7,300      0.17     0.83      
2      01-05-04-06     38,110     7,240      0.19     0.81      
3      01-13-01-01     35,112     7,022      0.20     0.80      
4      01-12-05-02     16,044     3,369      0.21     0.79      
5      02-17-04-01     68,900     14,469     0.21     0.79      
6      02-25-07-01     46,161     10,155     0.22     0.78      
7      01-14-12-01     10,080     2,721      0.27     0.73      
8      02-18-15-01     36,944     10,713     0.29     0.71      
9      02-23-06-01     76,920     22,306     0.29     0.71      
10     01-14-10-01     17,190     5,157      0.30     0.70      
11     02-25-01-01     83,127     24,938     0.30     0.70      
12     01-02-01-05     71,940     22,301     0.31     0.69      
13     02-23-04-01     52,713     16,341     0.31     0.69      
14     02-23-09-01     57,414     17,798     0.31     0.69      
15     02-24-01-01     46,197     14,321     0.31     0.69      
16     02-25-05-01     27,564     8,544      0.31     0.69      
17     02-17-06-01     24,647     7,887      0.32     0.68      
18     02-18-02-01     28,318     9,061      0.32     0.68      
19     02-25-06-02     23,856     7,872      0.33     0.67      
20     02-23-08-09     7,071      2,474      0.35     0.65      

================================================================================
LAYER: DELUSION
Minimum Target: 0.7x
Total sections below target: 20
================================================================================

Rank   Section ID      Tibetan    Layer      Ratio    Deviation 
------ --------------- ---------- ---------- -------- ----------
1      02-25-07-01     46,161     2,308      0.05     0.65      
2      02-19-01-01     184,130    11,047     0.06     0.64      
3      02-21-01-01     56,506     3,955      0.07     0.63      
4      02-23-07-01     38,514     2,695      0.07     0.63      
5      02-23-09-01     57,414     4,018      0.07     0.63      
6      02-24-01-01     46,197     3,233      0.07     0.63      
7      02-25-01-01     83,127     5,818      0.07     0.63      
8      02-25-05-01     27,564     1,929      0.07     0.63      
9      02-19-00-01     42,944     3,435      0.08     0.62      
10     02-20-01-01     78,446     6,275      0.08     0.62      
11     02-21-00-01     35,568     2,845      0.08     0.62      
12     02-22-01-01     59,415     4,753      0.08     0.62      
13     02-22-03-02     27,081     2,166      0.08     0.62      
14     02-23-01-01     31,512     2,520      0.08     0.62      
15     02-23-02-02     18,162     1,452      0.08     0.62      
16     02-23-03-02     69,183     5,534      0.08     0.62      
17     02-23-06-01     76,920     6,153      0.08     0.62      
18     02-17-14-01     8,708      783        0.09     0.61      
19     02-20-02-01     15,020     1,351      0.09     0.61      
20     02-20-08-01     24,347     2,191      0.09     0.61      

================================================================================
LAYER: EPISTEMIC
Minimum Target: 0.3x
Total sections below target: 20
================================================================================

Rank   Section ID      Tibetan    Layer      Ratio    Deviation 
------ --------------- ---------- ---------- -------- ----------
1      01-14-05-01     73,278     732        0.01     0.29      
2      02-23-02-01     14,868     148        0.01     0.29      
3      02-23-02-02     18,162     181        0.01     0.29      
4      02-23-03-01     25,929     259        0.01     0.29      
5      02-23-07-01     38,514     385        0.01     0.29      
6      01-06-12-01     64,765     1,295      0.02     0.28      
7      01-08-07-01     53,220     1,064      0.02     0.28      
8      02-23-06-02     11,499     229        0.02     0.28      
9      02-25-01-01     83,127     1,662      0.02     0.28      
10     01-07-04-01     36,648     1,099      0.03     0.27      
11     01-11-02-01     48,945     1,468      0.03     0.27      
12     01-12-04-01     33,201     996        0.03     0.27      
13     01-13-01-01     35,112     1,053      0.03     0.27      
14     01-14-03-01     41,652     1,249      0.03     0.27      
15     01-14-04-01     31,998     959        0.03     0.27      
16     01-14-09-01     33,198     995        0.03     0.27      
17     02-17-04-01     68,900     2,067      0.03     0.27      
18     02-23-06-01     76,920     2,307      0.03     0.27      
19     01-06-13-01     27,793     1,111      0.04     0.26      
20     01-12-07-01     29,313     1,172      0.04     0.26      